[
  {
    "file_path": "view_000.png",
    "transform_matrix": [
      [
        0.38173651695251465,
        0.8474549651145935,
        -0.36891359090805054,
        -1.5518934726715088
      ],
      [
        -0.9242712259292603,
        0.35001033544540405,
        -0.1523662954568863,
        -0.6409529447555542
      ],
      [
        0.0,
        0.399139940738678,
        0.9168899655342102,
        3.8570430278778076
      ],
      [
        0.0,
        0.0,
        0.0,
        1.0
      ]
    ],
    "intrinsics": {
      "fx": 711.1111111111111,
      "fy": 711.1111111111111,
      "cx": 256.0,
      "cy": 256.0,
      "width": 512,
      "height": 512
    }
  },
  {
    "file_path": "view_001.png",
    "transform_matrix": [
      [
        -0.9961043000221252,
        0.014636021107435226,
        -0.08696073293685913,
        -0.35362643003463745
      ],
      [
        -0.08818381279706955,
        -0.16532516479492188,
        0.982288658618927,
        3.994483709335327
      ],
      [
        0.0,
        0.9861304759979248,
        0.16597172617912292,
        0.6749251484870911
      ],
      [
        0.0,
        0.0,
        0.0,
        1.0
      ]
    ],
    "intrinsics": {
      "fx": 711.1111111111111,
      "fy": 711.1111111111111,
      "cx": 256.0,
      "cy": 256.0,
      "width": 512,
      "height": 512
    }
  },
  {
    "file_path": "view_002.png",
    "transform_matrix": [
      [
        -0.9854408502578735,
        -0.08336459845304489,
        -0.14817824959754944,
        -0.6028933525085449
      ],
      [
        -0.1700189858675003,
        0.4831865131855011,
        0.8588505387306213,
        3.494408369064331
      ],
      [
        0.0,
        0.8715395331382751,
        -0.4903252422809601,
        -1.9949880838394165
      ],
      [
        0.0,
        0.0,
        0.0,
        1.0
      ]
    ],
    "intrinsics": {
      "fx": 711.1111111111111,
      "fy": 711.1111111111111,
      "cx": 256.0,
      "cy": 256.0,
      "width": 512,
      "height": 512
    }
  },
  {
    "file_path": "view_003.png",
    "transform_matrix": [
      [
        0.9943454265594482,
        0.09496613591909409,
        -0.047526441514492035,
        -0.15827518701553345
      ],
      [
        -0.10619477927684784,
        0.8892070651054382,
        -0.44500967860221863,
        -1.481995940208435
      ],
      [
        0.0,
        0.4475403130054474,
        0.8942636847496033,
        2.9781265258789062
      ],
      [
        0.0,
        0.0,
        0.0,
        1.0
      ]
    ],
    "intrinsics": {
      "fx": 711.1111111111111,
      "fy": 711.1111111111111,
      "cx": 256.0,
      "cy": 256.0,
      "width": 512,
      "height": 512
    }
  },
  {
    "file_path": "view_004.png",
    "transform_matrix": [
      [
        0.9637822508811951,
        0.08679158985614777,
        0.25217270851135254,
        0.9427434206008911
      ],
      [
        0.26669058203697205,
        -0.3136526048183441,
        -0.9113167524337769,
        -3.40694260597229
      ],
      [
        -7.450580596923828e-09,
        0.9455629587173462,
        -0.32543930411338806,
        -1.2166494131088257
      ],
      [
        0.0,
        0.0,
        0.0,
        1.0
      ]
    ],
    "intrinsics": {
      "fx": 711.1111111111111,
      "fy": 711.1111111111111,
      "cx": 256.0,
      "cy": 256.0,
      "width": 512,
      "height": 512
    }
  },
  {
    "file_path": "view_005.png",
    "transform_matrix": [
      [
        0.6187553405761719,
        0.5602524280548096,
        -0.5506896376609802,
        -1.6313517093658447
      ],
      [
        -0.7855837941169739,
        0.4412758946418762,
        -0.4337438941001892,
        -1.2849140167236328
      ],
      [
        0.0,
        0.7009941339492798,
        0.7131670713424683,
        2.1126716136932373
      ],
      [
        0.0,
        0.0,
        0.0,
        1.0
      ]
    ],
    "intrinsics": {
      "fx": 711.1111111111111,
      "fy": 711.1111111111111,
      "cx": 256.0,
      "cy": 256.0,
      "width": 512,
      "height": 512
    }
  },
  {
    "file_path": "view_006.png",
    "transform_matrix": [
      [
        -0.9533591270446777,
        -0.24683643877506256,
        0.17371904850006104,
        0.6258746385574341
      ],
      [
        0.30183860659599304,
        -0.779634416103363,
        0.5486927032470703,
        1.9768290519714355
      ],
      [
        0.0,
        0.5755361914634705,
        0.8177762627601624,
        2.9462826251983643
      ],
      [
        0.0,
        0.0,
        0.0,
        1.0
      ]
    ],
    "intrinsics": {
      "fx": 711.1111111111111,
      "fy": 711.1111111111111,
      "cx": 256.0,
      "cy": 256.0,
      "width": 512,
      "height": 512
    }
  },
  {
    "file_path": "view_007.png",
    "transform_matrix": [
      [
        -0.6963493824005127,
        -0.20282979309558868,
        -0.6884458661079407,
        -1.950715184211731
      ],
      [
        -0.7177030444145203,
        0.1967950463294983,
        0.6679626703262329,
        1.8926758766174316
      ],
      [
        1.4901161193847656e-08,
        0.9592350125312805,
        -0.28260964155197144,
        -0.800775945186615
      ],
      [
        0.0,
        0.0,
        0.0,
        1.0
      ]
    ],
    "intrinsics": {
      "fx": 711.1111111111111,
      "fy": 711.1111111111111,
      "cx": 256.0,
      "cy": 256.0,
      "width": 512,
      "height": 512
    }
  },
  {
    "file_path": "view_008.png",
    "transform_matrix": [
      [
        -0.9864268898963928,
        -0.0432283952832222,
        0.15840886533260345,
        0.7126525640487671
      ],
      [
        0.1642012894153595,
        -0.2596913278102875,
        0.9516293406486511,
        4.2812066078186035
      ],
      [
        0.0,
        0.9647236466407776,
        0.2632646858692169,
        1.1843796968460083
      ],
      [
        0.0,
        0.0,
        0.0,
        1.0
      ]
    ],
    "intrinsics": {
      "fx": 711.1111111111111,
      "fy": 711.1111111111111,
      "cx": 256.0,
      "cy": 256.0,
      "width": 512,
      "height": 512
    }
  },
  {
    "file_path": "view_009.png",
    "transform_matrix": [
      [
        0.9722329378128052,
        -0.11941837519407272,
        -0.20125219225883484,
        -0.6920609474182129
      ],
      [
        -0.23401540517807007,
        -0.4961318075656891,
        -0.8361160159111023,
        -2.8752145767211914
      ],
      [
        0.0,
        0.8599956631660461,
        -0.5103013515472412,
        -1.754811406135559
      ],
      [
        0.0,
        0.0,
        0.0,
        1.0
      ]
    ],
    "intrinsics": {
      "fx": 711.1111111111111,
      "fy": 711.1111111111111,
      "cx": 256.0,
      "cy": 256.0,
      "width": 512,
      "height": 512
    }
  },
  {
    "file_path": "view_010.png",
    "transform_matrix": [
      [
        -0.3183133006095886,
        0.2960887849330902,
        -0.9005599021911621,
        -3.310426950454712
      ],
      [
        -0.9479855298995972,
        -0.09942027926445007,
        0.3023887872695923,
        1.1115707159042358
      ],
      [
        7.4505797087454084e-09,
        0.9499721527099609,
        0.31233465671539307,
        1.1481313705444336
      ],
      [
        0.0,
        0.0,
        0.0,
        1.0
      ]
    ],
    "intrinsics": {
      "fx": 711.1111111111111,
      "fy": 711.1111111111111,
      "cx": 256.0,
      "cy": 256.0,
      "width": 512,
      "height": 512
    }
  },
  {
    "file_path": "view_011.png",
    "transform_matrix": [
      [
        0.7675247192382812,
        -0.5717249512672424,
        0.2898902893066406,
        1.0240888595581055
      ],
      [
        0.641019344329834,
        0.6845550537109375,
        -0.3471001982688904,
        -1.2261929512023926
      ],
      [
        -1.4901161193847656e-08,
        0.4522332549095154,
        0.8918997049331665,
        3.1507937908172607
      ],
      [
        0.0,
        0.0,
        0.0,
        1.0
      ]
    ],
    "intrinsics": {
      "fx": 711.1111111111111,
      "fy": 711.1111111111111,
      "cx": 256.0,
      "cy": 256.0,
      "width": 512,
      "height": 512
    }
  },
  {
    "file_path": "view_012.png",
    "transform_matrix": [
      [
        -0.6647220253944397,
        -0.7396079897880554,
        0.10547371208667755,
        0.38719627261161804
      ],
      [
        0.7470908761024475,
        -0.6580641269683838,
        0.093844935297966,
        0.34450677037239075
      ],
      [
        7.450580596923828e-09,
        0.14117950201034546,
        0.9899840950965881,
        3.6342527866363525
      ],
      [
        0.0,
        0.0,
        0.0,
        1.0
      ]
    ],
    "intrinsics": {
      "fx": 711.1111111111111,
      "fy": 711.1111111111111,
      "cx": 256.0,
      "cy": 256.0,
      "width": 512,
      "height": 512
    }
  },
  {
    "file_path": "view_013.png",
    "transform_matrix": [
      [
        0.7648718357086182,
        0.5873242020606995,
        -0.2646156847476959,
        -0.7494869828224182
      ],
      [
        -0.6441826224327087,
        0.6973608732223511,
        -0.31419211626052856,
        -0.8899052739143372
      ],
      [
        0.0,
        0.4107774496078491,
        0.9117355346679688,
        2.5823636054992676
      ],
      [
        0.0,
        0.0,
        0.0,
        1.0
      ]
    ],
    "intrinsics": {
      "fx": 711.1111111111111,
      "fy": 711.1111111111111,
      "cx": 256.0,
      "cy": 256.0,
      "width": 512,
      "height": 512
    }
  },
  {
    "file_path": "view_014.png",
    "transform_matrix": [
      [
        0.8512307405471802,
        -0.4401969909667969,
        0.28571486473083496,
        1.1099605560302734
      ],
      [
        0.5247917771339417,
        0.7140149474143982,
        -0.4634395241737366,
        -1.800394892692566
      ],
      [
        0.0,
        0.5444348454475403,
        0.8388031125068665,
        3.2586276531219482
      ],
      [
        0.0,
        0.0,
        0.0,
        1.0
      ]
    ],
    "intrinsics": {
      "fx": 711.1111111111111,
      "fy": 711.1111111111111,
      "cx": 256.0,
      "cy": 256.0,
      "width": 512,
      "height": 512
    }
  },
  {
    "file_path": "view_015.png",
    "transform_matrix": [
      [
        -0.11655308306217194,
        0.5339486598968506,
        0.837445080280304,
        2.9104208946228027
      ],
      [
        0.993184506893158,
        0.06266041845083237,
        0.09827660769224167,
        0.34154632687568665
      ],
      [
        3.725290298461914e-09,
        0.843191921710968,
        -0.5376126766204834,
        -1.8683961629867554
      ],
      [
        0.0,
        0.0,
        0.0,
        1.0
      ]
    ],
    "intrinsics": {
      "fx": 711.1111111111111,
      "fy": 711.1111111111111,
      "cx": 256.0,
      "cy": 256.0,
      "width": 512,
      "height": 512
    }
  },
  {
    "file_path": "view_016.png",
    "transform_matrix": [
      [
        0.8591895699501038,
        -0.2554496228694916,
        0.4433271288871765,
        1.764894962310791
      ],
      [
        0.5116575956344604,
        0.42895805835723877,
        -0.7444471120834351,
        -2.96366024017334
      ],
      [
        0.0,
        0.8664528131484985,
        0.49925896525382996,
        1.987560749053955
      ],
      [
        0.0,
        0.0,
        0.0,
        1.0
      ]
    ],
    "intrinsics": {
      "fx": 711.1111111111111,
      "fy": 711.1111111111111,
      "cx": 256.0,
      "cy": 256.0,
      "width": 512,
      "height": 512
    }
  },
  {
    "file_path": "view_017.png",
    "transform_matrix": [
      [
        0.5362250208854675,
        0.07967467606067657,
        0.840306282043457,
        3.185170888900757
      ],
      [
        0.844075083732605,
        -0.0506158210337162,
        -0.5338307619094849,
        -2.0234792232513428
      ],
      [
        0.0,
        0.9955350756645203,
        -0.09439287334680557,
        -0.3577950596809387
      ],
      [
        0.0,
        0.0,
        0.0,
        1.0
      ]
    ],
    "intrinsics": {
      "fx": 711.1111111111111,
      "fy": 711.1111111111111,
      "cx": 256.0,
      "cy": 256.0,
      "width": 512,
      "height": 512
    }
  },
  {
    "file_path": "view_018.png",
    "transform_matrix": [
      [
        -0.3904768228530884,
        -0.439752459526062,
        0.808792769908905,
        3.0931317806243896
      ],
      [
        0.9206128120422363,
        -0.18652048707008362,
        0.3430485129356384,
        1.311948299407959
      ],
      [
        0.0,
        0.8785372972488403,
        0.4776736795902252,
        1.8268061876296997
      ],
      [
        0.0,
        0.0,
        0.0,
        1.0
      ]
    ],
    "intrinsics": {
      "fx": 711.1111111111111,
      "fy": 711.1111111111111,
      "cx": 256.0,
      "cy": 256.0,
      "width": 512,
      "height": 512
    }
  },
  {
    "file_path": "view_019.png",
    "transform_matrix": [
      [
        -0.8649359941482544,
        -0.2756999433040619,
        -0.4193747937679291,
        -1.6961472034454346
      ],
      [
        -0.5018821358680725,
        0.4751370847225189,
        0.7227441072463989,
        2.92311429977417
      ],
      [
        1.4901161193847656e-08,
        0.8356040716171265,
        -0.5493320822715759,
        -2.221755027770996
      ],
      [
        0.0,
        0.0,
        0.0,
        1.0
      ]
    ],
    "intrinsics": {
      "fx": 711.1111111111111,
      "fy": 711.1111111111111,
      "cx": 256.0,
      "cy": 256.0,
      "width": 512,
      "height": 512
    }
  },
  {
    "file_path": "view_020.png",
    "transform_matrix": [
      [
        0.26229074597358704,
        -0.025689728558063507,
        0.9646468758583069,
        3.6420767307281494
      ],
      [
        0.9649888873100281,
        0.006982648279517889,
        -0.2621977925300598,
        -0.9899420738220215
      ],
      [
        0.0,
        0.9996455907821655,
        0.026621786877512932,
        0.10051200538873672
      ],
      [
        0.0,
        0.0,
        0.0,
        1.0
      ]
    ],
    "intrinsics": {
      "fx": 711.1111111111111,
      "fy": 711.1111111111111,
      "cx": 256.0,
      "cy": 256.0,
      "width": 512,
      "height": 512
    }
  },
  {
    "file_path": "view_021.png",
    "transform_matrix": [
      [
        0.9693065881729126,
        -0.21401897072792053,
        0.12099891155958176,
        0.3578248918056488
      ],
      [
        0.24585537612438202,
        0.843788743019104,
        -0.47704896330833435,
        -1.4107564687728882
      ],
      [
        7.450581485102248e-09,
        0.49215495586395264,
        0.8705075979232788,
        2.574314832687378
      ],
      [
        0.0,
        0.0,
        0.0,
        1.0
      ]
    ],
    "intrinsics": {
      "fx": 711.1111111111111,
      "fy": 711.1111111111111,
      "cx": 256.0,
      "cy": 256.0,
      "width": 512,
      "height": 512
    }
  },
  {
    "file_path": "view_022.png",
    "transform_matrix": [
      [
        -0.24917477369308472,
        0.8440759778022766,
        -0.4748133420944214,
        -1.8615492582321167
      ],
      [
        -0.9684585332870483,
        -0.21717238426208496,
        0.1221647635102272,
        0.4789581596851349
      ],
      [
        -7.450580596923828e-09,
        0.49027732014656067,
        0.8715664744377136,
        3.4170563220977783
      ],
      [
        0.0,
        0.0,
        0.0,
        1.0
      ]
    ],
    "intrinsics": {
      "fx": 711.1111111111111,
      "fy": 711.1111111111111,
      "cx": 256.0,
      "cy": 256.0,
      "width": 512,
      "height": 512
    }
  },
  {
    "file_path": "view_023.png",
    "transform_matrix": [
      [
        0.9777331352233887,
        -0.0017211806261911988,
        0.20984499156475067,
        0.594609260559082
      ],
      [
        0.20985202491283417,
        0.00801924616098404,
        -0.9777002930641174,
        -2.770376443862915
      ],
      [
        2.3283061589829401e-10,
        0.9999664425849915,
        0.00820187572389841,
        0.02324054203927517
      ],
      [
        0.0,
        0.0,
        0.0,
        1.0
      ]
    ],
    "intrinsics": {
      "fx": 711.1111111111111,
      "fy": 711.1111111111111,
      "cx": 256.0,
      "cy": 256.0,
      "width": 512,
      "height": 512
    }
  },
  {
    "file_path": "view_024.png",
    "transform_matrix": [
      [
        0.8724794387817383,
        -0.27351826429367065,
        -0.4049290120601654,
        -1.5819884538650513
      ],
      [
        -0.48865094780921936,
        -0.48836302757263184,
        -0.7229950428009033,
        -2.824618101119995
      ],
      [
        0.0,
        0.8286672830581665,
        -0.5597415566444397,
        -2.186814785003662
      ],
      [
        0.0,
        0.0,
        0.0,
        1.0
      ]
    ],
    "intrinsics": {
      "fx": 711.1111111111111,
      "fy": 711.1111111111111,
      "cx": 256.0,
      "cy": 256.0,
      "width": 512,
      "height": 512
    }
  },
  {
    "file_path": "view_025.png",
    "transform_matrix": [
      [
        -0.3566659688949585,
        -0.6843293905258179,
        0.6359896063804626,
        1.9514473676681519
      ],
      [
        0.9342319965362549,
        -0.261259526014328,
        0.242804616689682,
        0.7450128793716431
      ],
      [
        1.4901161193847656e-08,
        0.6807618737220764,
        0.7325047850608826,
        2.247591018676758
      ],
      [
        0.0,
        0.0,
        0.0,
        1.0
      ]
    ],
    "intrinsics": {
      "fx": 711.1111111111111,
      "fy": 711.1111111111111,
      "cx": 256.0,
      "cy": 256.0,
      "width": 512,
      "height": 512
    }
  },
  {
    "file_path": "view_026.png",
    "transform_matrix": [
      [
        -0.8661312460899353,
        -0.005610235966742039,
        -0.49978530406951904,
        -2.013158082962036
      ],
      [
        -0.4998168647289276,
        0.009721960872411728,
        0.8660765290260315,
        3.488595724105835
      ],
      [
        -4.656613428188905e-10,
        0.9999370574951172,
        -0.01122458279132843,
        -0.045213133096694946
      ],
      [
        0.0,
        0.0,
        0.0,
        1.0
      ]
    ],
    "intrinsics": {
      "fx": 711.1111111111111,
      "fy": 711.1111111111111,
      "cx": 256.0,
      "cy": 256.0,
      "width": 512,
      "height": 512
    }
  },
  {
    "file_path": "view_027.png",
    "transform_matrix": [
      [
        -0.9788188934326172,
        0.16965745389461517,
        -0.11458592861890793,
        -0.44742193818092346
      ],
      [
        -0.20472809672355652,
        -0.8111438155174255,
        0.5478430986404419,
        2.1391546726226807
      ],
      [
        0.0,
        0.5596981644630432,
        0.8286964893341064,
        3.2357985973358154
      ],
      [
        0.0,
        0.0,
        0.0,
        1.0
      ]
    ],
    "intrinsics": {
      "fx": 711.1111111111111,
      "fy": 711.1111111111111,
      "cx": 256.0,
      "cy": 256.0,
      "width": 512,
      "height": 512
    }
  },
  {
    "file_path": "view_028.png",
    "transform_matrix": [
      [
        0.6849349141120911,
        0.5587913393974304,
        -0.46756428480148315,
        -1.4748055934906006
      ],
      [
        -0.728604257106781,
        0.5252998471260071,
        -0.4395405650138855,
        -1.3864123821258545
      ],
      [
        -1.4901162970204496e-08,
        0.6417259573936462,
        0.7669339776039124,
        2.4190866947174072
      ],
      [
        0.0,
        0.0,
        0.0,
        1.0
      ]
    ],
    "intrinsics": {
      "fx": 711.1111111111111,
      "fy": 711.1111111111111,
      "cx": 256.0,
      "cy": 256.0,
      "width": 512,
      "height": 512
    }
  },
  {
    "file_path": "view_029.png",
    "transform_matrix": [
      [
        0.931028425693512,
        -0.10010440647602081,
        -0.3509489595890045,
        -1.4925622940063477
      ],
      [
        -0.3649466931819916,
        -0.25537988543510437,
        -0.895318329334259,
        -3.8077285289764404
      ],
      [
        0.0,
        0.9616445302963257,
        -0.27429869771003723,
        -1.1665738821029663
      ],
      [
        0.0,
        0.0,
        0.0,
        1.0
      ]
    ],
    "intrinsics": {
      "fx": 711.1111111111111,
      "fy": 711.1111111111111,
      "cx": 256.0,
      "cy": 256.0,
      "width": 512,
      "height": 512
    }
  },
  {
    "file_path": "view_030.png",
    "transform_matrix": [
      [
        0.9062192440032959,
        0.23047582805156708,
        0.3544681966304779,
        1.4689122438430786
      ],
      [
        0.42280828952789307,
        -0.4939866065979004,
        -0.7597436308860779,
        -3.148369312286377
      ],
      [
        0.0,
        0.8383663296699524,
        -0.5451071858406067,
        -2.258918285369873
      ],
      [
        0.0,
        0.0,
        0.0,
        1.0
      ]
    ],
    "intrinsics": {
      "fx": 711.1111111111111,
      "fy": 711.1111111111111,
      "cx": 256.0,
      "cy": 256.0,
      "width": 512,
      "height": 512
    }
  },
  {
    "file_path": "view_031.png",
    "transform_matrix": [
      [
        -0.5458316802978516,
        0.7505013346672058,
        -0.37257957458496094,
        -1.6488853693008423
      ],
      [
        -0.8378949165344238,
        -0.48890072107315063,
        0.24271032214164734,
        1.0741369724273682
      ],
      [
        0.0,
        0.44466137886047363,
        0.8956986665725708,
        3.9639971256256104
      ],
      [
        0.0,
        0.0,
        0.0,
        1.0
      ]
    ],
    "intrinsics": {
      "fx": 711.1111111111111,
      "fy": 711.1111111111111,
      "cx": 256.0,
      "cy": 256.0,
      "width": 512,
      "height": 512
    }
  },
  {
    "file_path": "view_032.png",
    "transform_matrix": [
      [
        0.9912440776824951,
        -0.04179832711815834,
        0.12525218725204468,
        0.528716504573822
      ],
      [
        0.13204245269298553,
        0.3137804865837097,
        -0.940269410610199,
        -3.9690802097320557
      ],
      [
        -3.725290298461914e-09,
        0.9485750794410706,
        0.31655219197273254,
        1.3362351655960083
      ],
      [
        0.0,
        0.0,
        0.0,
        1.0
      ]
    ],
    "intrinsics": {
      "fx": 711.1111111111111,
      "fy": 711.1111111111111,
      "cx": 256.0,
      "cy": 256.0,
      "width": 512,
      "height": 512
    }
  },
  {
    "file_path": "view_033.png",
    "transform_matrix": [
      [
        -0.7071784734725952,
        -0.6482111215591431,
        0.28234902024269104,
        1.2107900381088257
      ],
      [
        0.7070350646972656,
        -0.6483426094055176,
        0.2824063003063202,
        1.2110357284545898
      ],
      [
        0.0,
        0.3993421196937561,
        0.9168019890785217,
        3.9314982891082764
      ],
      [
        0.0,
        0.0,
        0.0,
        1.0
      ]
    ],
    "intrinsics": {
      "fx": 711.1111111111111,
      "fy": 711.1111111111111,
      "cx": 256.0,
      "cy": 256.0,
      "width": 512,
      "height": 512
    }
  },
  {
    "file_path": "view_034.png",
    "transform_matrix": [
      [
        0.5561952590942383,
        0.37347662448883057,
        0.7424029111862183,
        2.1633570194244385
      ],
      [
        0.8310517072677612,
        -0.24995549023151398,
        -0.49686557054519653,
        -1.4478628635406494
      ],
      [
        0.0,
        0.8933294415473938,
        -0.44940242171287537,
        -1.3095555305480957
      ],
      [
        0.0,
        0.0,
        0.0,
        1.0
      ]
    ],
    "intrinsics": {
      "fx": 711.1111111111111,
      "fy": 711.1111111111111,
      "cx": 256.0,
      "cy": 256.0,
      "width": 512,
      "height": 512
    }
  },
  {
    "file_path": "view_035.png",
    "transform_matrix": [
      [
        -0.6840972900390625,
        -0.21017813682556152,
        0.6984526515007019,
        3.083106517791748
      ],
      [
        0.7293907999992371,
        -0.197126567363739,
        0.6550803184509277,
        2.8916525840759277
      ],
      [
        1.4901161193847656e-08,
        0.9575835466384888,
        0.28815576434135437,
        1.2719758749008179
      ],
      [
        0.0,
        0.0,
        0.0,
        1.0
      ]
    ],
    "intrinsics": {
      "fx": 711.1111111111111,
      "fy": 711.1111111111111,
      "cx": 256.0,
      "cy": 256.0,
      "width": 512,
      "height": 512
    }
  },
  {
    "file_path": "view_036.png",
    "transform_matrix": [
      [
        -0.9832773804664612,
        -0.15475217998027802,
        0.09600739926099777,
        0.3463827073574066
      ],
      [
        0.18211442232131958,
        -0.8355423808097839,
        0.5183658599853516,
        1.870199203491211
      ],
      [
        0.0,
        0.5271818041801453,
        0.8497526049613953,
        3.0658011436462402
      ],
      [
        0.0,
        0.0,
        0.0,
        1.0
      ]
    ],
    "intrinsics": {
      "fx": 711.1111111111111,
      "fy": 711.1111111111111,
      "cx": 256.0,
      "cy": 256.0,
      "width": 512,
      "height": 512
    }
  },
  {
    "file_path": "view_037.png",
    "transform_matrix": [
      [
        -0.08748075366020203,
        -0.5572181940078735,
        0.8257451057434082,
        3.1392157077789307
      ],
      [
        0.9961662292480469,
        -0.04893346503376961,
        0.07251480966806412,
        0.2756778299808502
      ],
      [
        0.0,
        0.8289231657981873,
        0.5593625903129578,
        2.1265156269073486
      ],
      [
        0.0,
        0.0,
        0.0,
        1.0
      ]
    ],
    "intrinsics": {
      "fx": 711.1111111111111,
      "fy": 711.1111111111111,
      "cx": 256.0,
      "cy": 256.0,
      "width": 512,
      "height": 512
    }
  },
  {
    "file_path": "view_038.png",
    "transform_matrix": [
      [
        -0.2658367156982422,
        0.35298460721969604,
        -0.897068977355957,
        -3.834667921066284
      ],
      [
        -0.9640181064605713,
        -0.0973387062549591,
        0.24737490713596344,
        1.057444453239441
      ],
      [
        7.450580596923828e-09,
        0.9305520057678223,
        0.3661597669124603,
        1.5652097463607788
      ],
      [
        0.0,
        0.0,
        0.0,
        1.0
      ]
    ],
    "intrinsics": {
      "fx": 711.1111111111111,
      "fy": 711.1111111111111,
      "cx": 256.0,
      "cy": 256.0,
      "width": 512,
      "height": 512
    }
  },
  {
    "file_path": "view_039.png",
    "transform_matrix": [
      [
        0.8787263035774231,
        -0.15245646238327026,
        -0.452324241399765,
        -1.7944968938827515
      ],
      [
        -0.47732609510421753,
        -0.2806624174118042,
        -0.8326994776725769,
        -3.3035519123077393
      ],
      [
        0.0,
        0.9476209878921509,
        -0.31939688324928284,
        -1.267136812210083
      ],
      [
        0.0,
        0.0,
        0.0,
        1.0
      ]
    ],
    "intrinsics": {
      "fx": 711.1111111111111,
      "fy": 711.1111111111111,
      "cx": 256.0,
      "cy": 256.0,
      "width": 512,
      "height": 512
    }
  },
  {
    "file_path": "view_040.png",
    "transform_matrix": [
      [
        -0.7038773894309998,
        -0.6305477619171143,
        0.3270568251609802,
        1.1253563165664673
      ],
      [
        0.7103214859962463,
        -0.6248273253440857,
        0.3240897059440613,
        1.1151468753814697
      ],
      [
        1.4901159417490817e-08,
        0.4604349434375763,
        0.8876935243606567,
        3.0544281005859375
      ],
      [
        0.0,
        0.0,
        0.0,
        1.0
      ]
    ],
    "intrinsics": {
      "fx": 711.1111111111111,
      "fy": 711.1111111111111,
      "cx": 256.0,
      "cy": 256.0,
      "width": 512,
      "height": 512
    }
  },
  {
    "file_path": "view_041.png",
    "transform_matrix": [
      [
        -0.6006588339805603,
        0.3011973202228546,
        0.7406005263328552,
        2.140059471130371
      ],
      [
        0.7995054721832275,
        0.2262859046459198,
        0.5564042329788208,
        1.6078007221221924
      ],
      [
        0.0,
        0.9263233542442322,
        -0.37672945857048035,
        -1.088607668876648
      ],
      [
        0.0,
        0.0,
        0.0,
        1.0
      ]
    ],
    "intrinsics": {
      "fx": 711.1111111111111,
      "fy": 711.1111111111111,
      "cx": 256.0,
      "cy": 256.0,
      "width": 512,
      "height": 512
    }
  },
  {
    "file_path": "view_042.png",
    "transform_matrix": [
      [
        -0.12805861234664917,
        0.8030185103416443,
        -0.5820328593254089,
        -2.255800724029541
      ],
      [
        -0.9917666912078857,
        -0.10368712246417999,
        0.07515307515859604,
        0.2912728488445282
      ],
      [
        0.0,
        0.5868647694587708,
        0.8096849918365479,
        3.138118267059326
      ],
      [
        0.0,
        0.0,
        0.0,
        1.0
      ]
    ],
    "intrinsics": {
      "fx": 711.1111111111111,
      "fy": 711.1111111111111,
      "cx": 256.0,
      "cy": 256.0,
      "width": 512,
      "height": 512
    }
  },
  {
    "file_path": "view_043.png",
    "transform_matrix": [
      [
        -0.73348069190979,
        -0.6267905831336975,
        0.26294422149658203,
        1.0521794557571411
      ],
      [
        0.6797103881835938,
        -0.6763744950294495,
        0.2837451100349426,
        1.135414958000183
      ],
      [
        1.4901161193847656e-08,
        0.3868476152420044,
        0.922143816947937,
        3.6899871826171875
      ],
      [
        0.0,
        0.0,
        0.0,
        1.0
      ]
    ],
    "intrinsics": {
      "fx": 711.1111111111111,
      "fy": 711.1111111111111,
      "cx": 256.0,
      "cy": 256.0,
      "width": 512,
      "height": 512
    }
  },
  {
    "file_path": "view_044.png",
    "transform_matrix": [
      [
        -0.9329535365104675,
        0.16287291049957275,
        -0.32104551792144775,
        -1.2612513303756714
      ],
      [
        -0.3599969744682312,
        -0.42209479212760925,
        0.8320085406303406,
        3.2686076164245605
      ],
      [
        1.4901162970204496e-08,
        0.891800582408905,
        0.45242857933044434,
        1.7773994207382202
      ],
      [
        0.0,
        0.0,
        0.0,
        1.0
      ]
    ],
    "intrinsics": {
      "fx": 711.1111111111111,
      "fy": 711.1111111111111,
      "cx": 256.0,
      "cy": 256.0,
      "width": 512,
      "height": 512
    }
  },
  {
    "file_path": "view_045.png",
    "transform_matrix": [
      [
        0.2569146156311035,
        0.40520337224006653,
        -0.8773854374885559,
        -2.969590902328491
      ],
      [
        -0.966434121131897,
        0.107718326151371,
        -0.23324212431907654,
        -0.7894291877746582
      ],
      [
        -7.450580596923828e-09,
        0.9078584313392639,
        0.41927674412727356,
        1.4190802574157715
      ],
      [
        0.0,
        0.0,
        0.0,
        1.0
      ]
    ],
    "intrinsics": {
      "fx": 711.1111111111111,
      "fy": 711.1111111111111,
      "cx": 256.0,
      "cy": 256.0,
      "width": 512,
      "height": 512
    }
  },
  {
    "file_path": "view_046.png",
    "transform_matrix": [
      [
        0.982729434967041,
        0.15945473313331604,
        -0.09389961510896683,
        -0.3583042025566101
      ],
      [
        -0.18504852056503296,
        0.8468095660209656,
        -0.49866876006126404,
        -1.9028310775756836
      ],
      [
        0.0,
        0.5074324607849121,
        0.8616916537284851,
        3.2880616188049316
      ],
      [
        0.0,
        0.0,
        0.0,
        1.0
      ]
    ],
    "intrinsics": {
      "fx": 711.1111111111111,
      "fy": 711.1111111111111,
      "cx": 256.0,
      "cy": 256.0,
      "width": 512,
      "height": 512
    }
  },
  {
    "file_path": "view_047.png",
    "transform_matrix": [
      [
        0.35761892795562744,
        0.9144479632377625,
        -0.1894557774066925,
        -0.8052836656570435
      ],
      [
        -0.9338676929473877,
        0.35018226504325867,
        -0.0725509375333786,
        -0.3083784878253937
      ],
      [
        -7.450581485102248e-09,
        0.20287248492240906,
        0.9792052507400513,
        4.162121772766113
      ],
      [
        0.0,
        0.0,
        0.0,
        1.0
      ]
    ],
    "intrinsics": {
      "fx": 711.1111111111111,
      "fy": 711.1111111111111,
      "cx": 256.0,
      "cy": 256.0,
      "width": 512,
      "height": 512
    }
  },
  {
    "file_path": "view_048.png",
    "transform_matrix": [
      [
        -0.1808777153491974,
        0.820655107498169,
        -0.5420410633087158,
        -1.7009549140930176
      ],
      [
        -0.9835056066513062,
        -0.15092767775058746,
        0.09968743473291397,
        0.31282469630241394
      ],
      [
        0.0,
        0.5511316657066345,
        0.8344182372093201,
        2.61845064163208
      ],
      [
        0.0,
        0.0,
        0.0,
        1.0
      ]
    ],
    "intrinsics": {
      "fx": 711.1111111111111,
      "fy": 711.1111111111111,
      "cx": 256.0,
      "cy": 256.0,
      "width": 512,
      "height": 512
    }
  },
  {
    "file_path": "view_049.png",
    "transform_matrix": [
      [
        -0.754235029220581,
        0.5541025400161743,
        -0.3522782325744629,
        -1.338308334350586
      ],
      [
        -0.6566046476364136,
        -0.6364918947219849,
        0.40465840697288513,
        1.5373010635375977
      ],
      [
        1.4901161193847656e-08,
        0.5365149974822998,
        0.8438908457756042,
        3.205949306488037
      ],
      [
        0.0,
        0.0,
        0.0,
        1.0
      ]
    ],
    "intrinsics": {
      "fx": 711.1111111111111,
      "fy": 711.1111111111111,
      "cx": 256.0,
      "cy": 256.0,
      "width": 512,
      "height": 512
    }
  }
]